[{"id":"A","coordinates":[-13.2572660446167,-35.43840789794922,103.69154357910156],"uncertainty":{"stddevs":[1.0,1.0,0.9999999403953552],"pcvectors":[[0.7071068286895752,-0.0004143212572671473,0.7071065902709961],[-0.0001953109458554536,0.9999997019767761,0.0007812496623955667],[-0.7071067094802856,-0.0006905326736159623,0.7071065306663513]]}},{"id":"B","coordinates":[39.13772201538086,-34.827362060546875,96.86353302001953],"uncertainty":{"stddevs":[1.0,1.0,1.0],"pcvectors":[[-0.6702842712402344,-0.3992641568183899,0.6255455017089844],[0.14157740771770477,-0.8962516784667969,-0.4203436076641083],[0.7284743189811707,-0.19318659603595734,0.6572701930999756]]}},{"id":"C","coordinates":[19.64485740661621,4.497029781341553,137.7767791748047],"uncertainty":{"stddevs":[1.0000001192092896,1.0,1.0],"pcvectors":[[-0.694190502166748,0.15352734923362732,0.7032274603843689],[-0.7143118977546692,-0.026619018986821175,-0.6993210315704346],[-0.08864568173885345,-0.987785816192627,0.12814508378505707]]}},{"id":"D","coordinates":[-32.95130157470703,35.99976348876953,89.90430450439453],"uncertainty":{"stddevs":[1.0,1.0,0.9999999403953552],"pcvectors":[[0.1595381200313568,0.9480446577072144,0.2752434015274048],[-0.856979489326477,-0.00539864506572485,0.5153222680091858],[0.4900344908237457,-0.318091481924057,0.8115935325622559]]}},{"id":"E","coordinates":[56.252464294433594,34.290164947509766,78.61799621582031],"uncertainty":{"stddevs":[1.0,0.9999999403953552,0.9999999403953552],"pcvectors":[[-0.09429661929607391,-0.9740129709243774,0.20592941343784332],[0.7340816855430603,0.07169882208108902,0.675265371799469],[-0.6724821329116821,0.2148442566394806,0.7082441449165344]]}}]
