[{"id":"A","coordinates":[12.67204475402832,-33.263954162597656,103.57942199707031],"uncertainty":{"stddevs":[1.0,1.0,1.0],"pcvectors":[[-0.3162277638912201,-0.7071067690849304,0.6324555277824402],[0.8944271802902222,-2.7431781290943036E-9,0.4472135901451111],[-0.3162277638912201,0.7071067690849304,0.6324555277824402]]}},{"id":"B","coordinates":[65.06717681884766,-33.224021911621094,80.01004028320312],"uncertainty":{"stddevs":[1.0,1.0,1.0],"pcvectors":[[0.0,-0.7071067690849304,-0.7071067690849304],[1.0,0.0,0.0],[0.0,-0.7071067690849304,0.7071067690849304]]}},{"id":"C","coordinates":[49.935794830322266,5.262847900390625,120.26824951171875],"uncertainty":{"stddevs":[1.0,1.0,1.0],"pcvectors":[[-0.7071067690849304,0.7071067690849304,0.0],[0.0,0.0,1.0],[0.7071067690849304,0.7071067690849304,0.0]]}},{"id":"D","coordinates":[-9.183687210083008,35.417293548583984,99.0155029296875],"uncertainty":{"stddevs":[1.0,1.0,0.9999999403953552],"pcvectors":[[-0.525731086730957,0.0,-0.8506507873535156],[0.0,-1.0,0.0],[0.8506507873535156,0.0,-0.525731086730957]]}},{"id":"E","coordinates":[76.94145202636719,36.188594818115234,62.5444221496582],"uncertainty":{"stddevs":[1.0,0.9999999403953552,0.9999998807907104],"pcvectors":[[0.044740092009305954,0.5947070717811584,0.8026965856552124],[-0.9168517589569092,0.3435226082801819,-0.20340847969055176],[-0.39671289920806885,-0.7268533110618591,0.5606274604797363]]}}]
