[{"id":"A","coordinates":[31.66571807861328,-35.79896926879883,105.4750747680664],"uncertainty":{"stddevs":[1.0,1.0,0.9999999403953552],"pcvectors":[[-0.6796627640724182,0.6416223049163818,0.35549864172935486],[0.5412763953208923,0.7657800912857056,-0.34727612137794495],[-0.4950539171695709,-0.043607644736766815,-0.8677672743797302]]}},{"id":"B","coordinates":[71.03517150878906,-34.369197845458984,73.40605163574219],"uncertainty":{"stddevs":[1.0,1.0,0.9999999403953552],"pcvectors":[[-0.9481644630432129,0.25749465823173523,-0.1862274706363678],[0.18851888179779053,0.9275456070899963,0.3226759433746338],[0.2558217942714691,0.27084246277809143,-0.9280083775520325]]}},{"id":"C","coordinates":[72.2439956665039,3.139899492263794,126.20601654052734],"uncertainty":{"stddevs":[1.0,1.0,1.0],"pcvectors":[[-0.3162277340888977,0.7071067690849304,0.6324555277824402],[0.8944272398948669,-1.3710737434280418E-8,0.4472135603427887],[0.3162277340888977,0.7071067690849304,-0.6324555277824402]]}},{"id":"D","coordinates":[9.382680892944336,35.45505905151367,107.68260192871094],"uncertainty":{"stddevs":[1.0,1.0,1.0],"pcvectors":[[-0.5,-0.7071067690849304,0.5],[0.7071067690849304,-2.0529797861712495E-9,0.7071067690849304],[-0.5,0.7071067690849304,0.5]]}},{"id":"E","coordinates":[87.29007720947266,34.953739166259766,63.4486198425293],"uncertainty":{"stddevs":[1.0,1.0,0.9999999403953552],"pcvectors":[[-0.3192884922027588,0.9385872483253479,0.13080072402954102],[0.6251083016395569,0.10486023128032684,0.7734622955322266],[0.7122460603713989,0.3287222385406494,-0.6201993823051453]]}}]
