[{"id":"A","coordinates":[3.3215954303741455,-33.8770751953125,102.33626556396484],"uncertainty":{"stddevs":[1.0,1.0,1.0],"pcvectors":[[1.0,0.0,0.0],[0.0,1.0,0.0],[0.0,0.0,1.0]]}},{"id":"B","coordinates":[48.54874801635742,-32.52848815917969,89.8304443359375],"uncertainty":{"stddevs":[1.0000001192092896,1.0000001192092896,1.0],"pcvectors":[[-0.9593950510025024,0.09304093569517136,-0.2662789225578308],[-0.2815197706222534,-0.3745582103729248,0.8834323883056641],[-0.017541587352752686,0.9225234389305115,0.3855421841144562]]}},{"id":"C","coordinates":[34.62944412231445,9.234414100646973,128.38119506835938],"uncertainty":{"stddevs":[1.0,1.0,0.9999999403953552],"pcvectors":[[-0.14369769394397736,-0.9752591848373413,0.16798965632915497],[0.912847638130188,-0.06507042050361633,0.40308186411857605],[-0.3821781277656555,0.21127089858055115,0.8996134996414185]]}},{"id":"D","coordinates":[-18.883691787719727,34.9886360168457,97.17689514160156],"uncertainty":{"stddevs":[1.0000001192092896,1.0000001192092896,1.0],"pcvectors":[[-0.989773690700531,0.03431444987654686,-0.13845784962177277],[-0.1409785896539688,-0.3833143413066864,0.9127952456474304],[-0.021750815212726593,0.9229803085327148,0.3842320740222931]]}},{"id":"E","coordinates":[60.295658111572266,31.949472427368164,75.48796844482422],"uncertainty":{"stddevs":[1.0,1.0,1.0],"pcvectors":[[-0.5,-0.7071067690849304,-0.5],[0.7071067690849304,-2.0529797861712495E-9,-0.7071067690849304],[0.5,-0.7071067690849304,0.5]]}}]
