[{"id":"A","coordinates":[-24.56937026977539,-32.68254089355469,97.42664337158203],"uncertainty":{"stddevs":[1.0,1.0,0.9999999403953552],"pcvectors":[[-0.5888842940330505,0.6021270155906677,-0.5391274094581604],[0.374790757894516,0.7944456338882446,0.47789961099624634],[0.7160636782646179,0.07936760038137436,-0.6935081481933594]]}},{"id":"B","coordinates":[22.371442794799805,-32.51235580444336,101.94248962402344],"uncertainty":{"stddevs":[1.0,1.0,0.9999999403953552],"pcvectors":[[-0.6279630064964294,-0.4597008526325226,0.6279630064964294],[0.7071067690849304,2.0293973168605817E-9,0.7071067690849304],[-0.32505759596824646,0.8880738615989685,0.32505759596824646]]}},{"id":"C","coordinates":[-1.118964672088623,6.1580610275268555,127.68265533447266],"uncertainty":{"stddevs":[1.0,1.0,0.9999999403953552],"pcvectors":[[0.7102934718132019,-0.04114842042326927,0.7027019262313843],[-0.07205866277217865,0.98879474401474,0.13073842227458954],[-0.7002076506614685,-0.14349840581417084,0.6993693113327026]]}},{"id":"D","coordinates":[-39.0888671875,32.621639251708984,87.01139831542969],"uncertainty":{"stddevs":[1.0,0.9999999403953552,0.9999999403953552],"pcvectors":[[-0.3826834261417389,0.9238795042037964,0.0],[0.0,0.0,1.0],[0.9238795042037964,0.3826834261417389,0.0]]}},{"id":"E","coordinates":[42.78862762451172,34.11176681518555,84.32455444335938],"uncertainty":{"stddevs":[1.0,1.0,1.0],"pcvectors":[[-0.6859943270683289,0.7071067690849304,-0.17149858176708221],[0.24253562092781067,1.7374672811598657E-9,-0.9701424837112427],[-0.6859943270683289,-0.7071067690849304,-0.17149858176708221]]}}]
